# index  wavelength_nm  k_per_ppm_m  (saturation-aware HITRAN; NASA NOT used)
0 381.005585 0.00000000e+00
1 388.409210 0.00000000e+00
2 395.815826 0.00000000e+00
3 403.225403 0.00000000e+00
4 410.638000 0.00000000e+00
5 418.053589 0.00000000e+00
6 425.472137 0.00000000e+00
7 432.892700 0.00000000e+00
8 440.317261 0.00000000e+00
9 447.742798 0.00000000e+00
10 455.170349 0.00000000e+00
11 462.598877 0.00000000e+00
12 470.030396 0.00000000e+00
13 477.462921 0.00000000e+00
14 484.897430 0.00000000e+00
15 492.332916 0.00000000e+00
16 499.771423 0.00000000e+00
17 507.209900 0.00000000e+00
18 514.650391 0.00000000e+00
19 522.090881 0.00000000e+00
20 529.533325 0.00000000e+00
21 536.976807 0.00000000e+00
22 544.421265 0.00000000e+00
23 551.866699 0.00000000e+00
24 559.314209 0.00000000e+00
25 566.761597 0.00000000e+00
26 574.209045 0.00000000e+00
27 581.658508 0.00000000e+00
28 589.107971 0.00000000e+00
29 596.558350 0.00000000e+00
30 604.009827 0.00000000e+00
31 611.462219 0.00000000e+00
32 618.914612 0.00000000e+00
33 626.368042 0.00000000e+00
34 633.821472 0.00000000e+00
35 641.275879 0.00000000e+00
36 648.730286 0.00000000e+00
37 656.185730 0.00000000e+00
38 663.641113 0.00000000e+00
39 671.097534 0.00000000e+00
40 678.553894 0.00000000e+00
41 686.010315 0.00000000e+00
42 693.467712 0.00000000e+00
43 700.925110 0.00000000e+00
44 708.383545 0.00000000e+00
45 715.840942 0.00000000e+00
46 723.299316 0.00000000e+00
47 730.758728 0.00000000e+00
48 738.217102 0.00000000e+00
49 745.676514 0.00000000e+00
50 753.135925 0.00000000e+00
51 760.596313 0.00000000e+00
52 768.055725 0.00000000e+00
53 775.516113 0.00000000e+00
54 782.977539 0.00000000e+00
55 790.437927 0.00000000e+00
56 797.899353 0.00000000e+00
57 805.361755 0.00000000e+00
58 812.823181 0.00000000e+00
59 820.284607 0.00000000e+00
60 827.745972 0.00000000e+00
61 835.207397 0.00000000e+00
62 842.669861 0.00000000e+00
63 850.131287 0.00000000e+00
64 857.593689 0.00000000e+00
65 865.055115 0.00000000e+00
66 872.517578 0.00000000e+00
67 879.980042 0.00000000e+00
68 887.441467 0.00000000e+00
69 894.903931 0.00000000e+00
70 902.366394 0.00000000e+00
71 909.828857 0.00000000e+00
72 917.291321 0.00000000e+00
73 924.753784 0.00000000e+00
74 932.216248 0.00000000e+00
75 939.678772 0.00000000e+00
76 947.140259 0.00000000e+00
77 954.602722 0.00000000e+00
78 962.064270 0.00000000e+00
79 969.526794 0.00000000e+00
80 976.988281 0.00000000e+00
81 984.449829 0.00000000e+00
82 991.911377 0.00000000e+00
83 999.372864 0.00000000e+00
84 1006.834412 0.00000000e+00
85 1014.294983 0.00000000e+00
86 1021.756592 0.00000000e+00
87 1029.217163 0.00000000e+00
88 1036.677734 0.00000000e+00
89 1044.138306 0.00000000e+00
90 1051.598877 0.00000000e+00
91 1059.059570 0.00000000e+00
92 1066.520142 0.00000000e+00
93 1073.979736 0.00000000e+00
94 1081.440430 0.00000000e+00
95 1088.900024 0.00000000e+00
96 1096.359741 0.00000000e+00
97 1103.818359 0.00000000e+00
98 1111.278076 0.00000000e+00
99 1118.736816 0.00000000e+00
100 1126.196411 0.00000000e+00
101 1133.655151 0.00000000e+00
102 1141.112915 0.00000000e+00
103 1148.571655 0.00000000e+00
104 1156.030396 0.00000000e+00
105 1163.488159 0.00000000e+00
106 1170.945923 0.00000000e+00
107 1178.403687 0.00000000e+00
108 1185.861572 0.00000000e+00
109 1193.318359 0.00000000e+00
110 1200.776123 0.00000000e+00
111 1208.233032 0.00000000e+00
112 1215.689819 0.00000000e+00
113 1223.146729 0.00000000e+00
114 1230.603638 0.00000000e+00
115 1238.059570 0.00000000e+00
116 1245.515381 0.00000000e+00
117 1252.972412 0.00000000e+00
118 1260.428345 0.00000000e+00
119 1267.883301 0.00000000e+00
120 1275.339233 0.00000000e+00
121 1282.794189 0.00000000e+00
122 1290.250244 0.00000000e+00
123 1297.705200 0.00000000e+00
124 1305.160278 0.00000000e+00
125 1312.614380 0.00000000e+00
126 1320.068481 0.00000000e+00
127 1327.522461 0.00000000e+00
128 1334.975586 0.00000000e+00
129 1342.428711 0.00000000e+00
130 1349.881836 0.00000000e+00
131 1357.335083 0.00000000e+00
132 1364.787231 0.00000000e+00
133 1372.238403 0.00000000e+00
134 1379.690674 0.00000000e+00
135 1387.141846 0.00000000e+00
136 1394.593140 0.00000000e+00
137 1402.043335 0.00000000e+00
138 1409.493652 0.00000000e+00
139 1416.943970 0.00000000e+00
140 1424.393311 0.00000000e+00
141 1431.842651 0.00000000e+00
142 1439.291992 0.00000000e+00
143 1446.740356 0.00000000e+00
144 1454.188843 0.00000000e+00
145 1461.637207 0.00000000e+00
146 1469.084717 0.00000000e+00
147 1476.532104 0.00000000e+00
148 1483.979614 0.00000000e+00
149 1491.426147 0.00000000e+00
150 1498.872681 0.00000000e+00
151 1506.319214 0.00000000e+00
152 1513.764893 0.00000000e+00
153 1521.210449 0.00000000e+00
154 1528.655029 0.00000000e+00
155 1536.100708 0.00000000e+00
156 1543.545410 0.00000000e+00
157 1550.989136 0.00000000e+00
158 1558.432861 0.00000000e+00
159 1565.876587 0.00000000e+00
160 1573.319336 0.00000000e+00
161 1580.762085 0.00000000e+00
162 1588.204956 0.00000000e+00
163 1595.646729 0.00000000e+00
164 1603.088623 0.00000000e+00
165 1610.529541 0.00000000e+00
166 1617.970459 0.00000000e+00
167 1625.410400 0.00000000e+00
168 1632.851318 0.00000000e+00
169 1640.290283 0.00000000e+00
170 1647.730347 0.00000000e+00
171 1655.169434 0.00000000e+00
172 1662.607422 0.00000000e+00
173 1670.045532 0.00000000e+00
174 1677.483643 0.00000000e+00
175 1684.920898 0.00000000e+00
176 1692.358032 0.00000000e+00
177 1699.795166 0.00000000e+00
178 1707.231445 0.00000000e+00
179 1714.666748 0.00000000e+00
180 1722.103027 0.00000000e+00
181 1729.538330 0.00000000e+00
182 1736.972656 0.00000000e+00
183 1744.407104 0.00000000e+00
184 1751.841431 0.00000000e+00
185 1759.274902 0.00000000e+00
186 1766.708374 0.00000000e+00
187 1774.141846 0.00000000e+00
188 1781.574341 0.00000000e+00
189 1789.006958 0.00000000e+00
190 1796.438477 0.00000000e+00
191 1803.870117 0.00000000e+00
192 1811.300781 0.00000000e+00
193 1818.731445 0.00000000e+00
194 1826.161133 0.00000000e+00
195 1833.590942 0.00000000e+00
196 1841.020630 0.00000000e+00
197 1848.449463 0.00000000e+00
198 1855.877319 0.00000000e+00
199 1863.305176 0.00000000e+00
200 1870.733032 0.00000000e+00
201 1878.160034 0.00000000e+00
202 1885.586914 0.00000000e+00
203 1893.012939 0.00000000e+00
204 1900.438965 0.00000000e+00
205 1907.864014 0.00000000e+00
206 1915.289185 0.00000000e+00
207 1922.713257 0.00000000e+00
208 1930.137451 0.00000000e+00
209 1937.560669 0.00000000e+00
210 1944.983887 0.00000000e+00
211 1952.407104 0.00000000e+00
212 1959.829468 0.00000000e+00
213 1967.251831 0.00000000e+00
214 1974.673218 0.00000000e+00
215 1982.094604 0.00000000e+00
216 1989.515015 0.00000000e+00
217 1996.935547 0.00000000e+00
218 2004.354980 0.00000000e+00
219 2011.774536 0.00000000e+00
220 2019.193115 0.00000000e+00
221 2026.611816 0.00000000e+00
222 2034.030396 0.00000000e+00
223 2041.447144 0.00000000e+00
224 2048.864990 0.00000000e+00
225 2056.280762 0.00000000e+00
226 2063.696533 0.00000000e+00
227 2071.112305 0.00000000e+00
228 2078.527344 0.00000000e+00
229 2085.942139 0.00000000e+00
230 2093.356201 0.00000000e+00
231 2100.769043 0.00000000e+00
232 2108.182129 0.00000000e+00
233 2115.594238 -1.29133230e-08
234 2123.006348 -3.57587848e-08
235 2130.417480 -9.44200214e-08
236 2137.828857 -2.19822438e-07
237 2145.239014 -4.08691462e-07
238 2152.648193 -6.89706774e-07
239 2160.057617 -1.01781672e-06
240 2167.467041 -1.21342092e-06
241 2174.875488 -1.14702960e-06
242 2182.282959 -7.54020949e-07
243 2189.690430 -5.91894674e-07
244 2197.096924 -4.15409920e-06
245 2204.503418 -5.54889082e-06
246 2211.909180 -1.70566209e-06
247 2219.314697 -2.65436935e-06
248 2226.719482 -3.80446125e-06
249 2234.123291 -5.53204440e-06
250 2241.526855 -6.81220914e-06
251 2248.929688 -7.97552433e-06
252 2256.332764 -8.68074821e-06
253 2263.734619 -9.52953974e-06
254 2271.136475 -8.74921481e-06
255 2278.537598 -8.76774209e-06
256 2285.938721 -9.88135035e-06
257 2293.338623 -1.32958287e-05
258 2300.737793 -1.46787833e-05
259 2308.135986 -8.09225542e-06
260 2315.534180 -1.03885027e-05
261 2322.932617 -1.22508077e-05
262 2330.329834 -9.48151699e-06
263 2337.726318 -1.43294566e-05
264 2345.121582 -1.83070666e-05
265 2352.517090 -1.54943823e-05
266 2359.912598 -9.36633521e-06
267 2367.307129 -1.22193874e-05
268 2374.700684 -1.62172472e-05
269 2382.093506 -9.41511823e-06
270 2389.486084 -9.25155562e-06
271 2396.877930 -8.88533555e-06
272 2404.269531 -6.63288024e-06
273 2411.660400 -4.00690083e-06
274 2419.051270 -3.76609379e-06
275 2426.440186 -4.17504982e-06
276 2433.830322 -2.78451224e-06
277 2441.218262 -2.13176841e-06
278 2448.606445 -1.68798637e-06
279 2455.994385 -1.22892740e-06
280 2463.381592 -8.52339678e-07
281 2470.767822 -6.27003397e-07
282 2478.153076 -4.35799852e-07
283 2485.538574 -4.26224454e-07
284 2492.923828 -3.65063731e-07
